6023.00
8
79544572
76503134
0 1 1 363 479.00 5 (D 0,7,7) (S 9,2,6) (S 19,10,7) (D 0,7,7)
0 1 2 641 790.00 4 (D 0,7,7) (S 7,2,1) (S 16,8,6) (D 0,7,7)
0 1 3 716 930.00 5 (D 0,7,7) (S 11,5,8) (S 18,10,6) (S 6,1,6) (D 0,7,7)
0 1 4 715 942.00 5 (D 0,7,7) (S 1,3,3) (S 10,4,11) (S 20,11,4) (D 0,7,7)
0 1 5 624 817.00 4 (D 0,7,7) (S 12,6,2) (S 2,4,4) (D 0,7,7)
0 1 6 330 370.00 4 (D 0,7,7) (S 15,7,6) (S 13,6,7) (D 0,7,7)
0 1 7 676 1017.00 5 (D 0,7,7) (S 14,6,9) (S 4,1,5) (S 8,2,3) (D 0,7,7)
0 1 8 531 678.00 5 (D 0,7,7) (S 17,9,10) (S 3,10,10) (S 5,5,6) (D 0,7,7)