834.00
10
329225635
288624336
0 1 1 25 67.00 5 (D 0,1,1) (S 23,4,5) (S 1,3,3) (S 14,26,26) (D 0,1,1)
0 1 2 24 126.00 9 (D 0,1,1) (S 17,23,26) (S 25,1,15) (S 24,1,17) (S 18,6,9) (D 0,1,1)
0 1 3 24 100.00 9 (D 0,1,1) (S 28,2,1) (S 5,8,8) (S 44,6,10) (S 11,21,21) (S 21,18,25) (D 0,1,1)
0 1 4 20 85.00 8 (D 0,1,1) (S 33,10,11) (S 6,14,14) (S 15,27,27) (S 8,16,16) (S 29,13,15) (D 0,1,1)
0 1 5 18 87.00 9 (D 0,1,1) (S 13,25,25) (S 16,6,7) (S 46,5,9) (S 42,22,23) (S 4,7,7) (D 0,1,1)
0 1 6 24 80.00 7 (D 0,1,1) (S 3,5,5) (S 2,4,4) (S 30,21,25) (S 43,12,13) (D 0,1,1)
0 1 7 20 61.00 7 (D 0,1,1) (S 35,1,24) (S 34,22,25) (S 22,24,27) (S 27,21,23) (D 0,1,1)
0 1 8 24 68.00 7 (D 0,1,1) (S 45,13,14) (S 40,2,12) (S 36,14,20) (S 12,23,23) (D 0,1,1)
0 1 9 22 72.00 8 (D 0,1,1) (S 9,18,18) (S 7,15,15) (S 39,15,20) (S 41,3,4) (D 0,1,1)
0 1 10 25 92.00 7 (D 0,1,1) (S 31,6,8) (S 10,19,19) (S 20,14,18) (S 32,14,21) (D 0,1,1)