628.00
10
359420107
125985921
0 1 1 24 57.00 6 (D 0,1,1) (S 44,14,18) (S 10,1,3) (S 19,1,19) (D 0,1,1)
0 1 2 19 67.00 8 (D 0,1,1) (S 46,25,26) (S 27,15,17) (S 31,1,24) (S 34,18,21) (S 29,4,19) (D 0,1,1)
0 1 3 21 61.00 6 (D 0,1,1) (S 8,23,23) (S 24,7,11) (S 20,4,12) (S 14,13,14) (D 0,1,1)
0 1 4 22 30.00 7 (D 0,1,1) (S 26,1,27) (S 42,1,17) (S 7,16,16) (S 39,6,9) (D 0,1,1)
0 1 5 23 62.00 6 (D 0,1,1) (S 35,22,23) (S 32,20,21) (S 13,14,20) (S 17,3,4) (D 0,1,1)
0 1 6 19 66.00 6 (D 0,1,1) (S 38,22,25) (S 2,4,4) (S 15,15,20) (S 22,4,6) (D 0,1,1)
0 1 7 26 63.00 7 (D 0,1,1) (S 43,12,13) (S 16,21,23) (S 30,1,15) (S 9,26,26) (S 5,10,10) (D 0,1,1)
0 1 8 16 54.00 6 (D 0,1,1) (S 25,21,22) (S 40,12,19) (S 18,21,25) (S 33,4,5) (D 0,1,1)
0 1 9 22 69.00 7 (D 0,1,1) (S 47,13,15) (S 11,2,12) (S 21,5,9) (S 36,3,6) (D 0,1,1)
0 1 10 19 80.00 8 (D 0,1,1) (S 45,6,8) (S 1,2,2) (S 37,8,9) (S 12,3,8) (D 0,1,1)