599.00
10
266641267
156148977
0 1 1 24 58.00 5 (D 0,1,1) (S 22,21,25) (S 1,2,2) (S 36,5,6) (D 0,1,1)
0 1 2 19 59.00 6 (D 0,1,1) (S 9,16,16) (S 33,20,21) (S 41,14,20) (S 34,10,11) (D 0,1,1)
0 1 3 22 64.00 6 (D 0,1,1) (S 10,18,18) (S 30,23,26) (S 6,8,8) (S 27,3,6) (D 0,1,1)
0 1 4 19 66.00 6 (D 0,1,1) (S 37,15,20) (S 19,26,27) (S 25,1,17) (S 38,6,7) (D 0,1,1)
0 1 5 18 58.00 6 (D 0,1,1) (S 31,1,15) (S 12,21,21) (S 29,7,11) (S 24,3,4) (D 0,1,1)
0 1 6 9 41.00 7 (D 0,1,1) (S 17,12,19) (S 4,5,5) (S 16,4,19) (S 28,22,25) (D 0,1,1)
0 1 7 22 45.00 5 (D 0,1,1) (S 5,6,6) (S 35,14,21) (D 0,1,1)
0 1 8 19 66.00 7 (D 0,1,1) (S 7,13,13) (S 21,12,13) (S 26,18,21) (S 39,13,14) (D 0,1,1)
0 1 9 22 66.00 5 (D 0,1,1) (S 8,14,14) (S 14,24,24) (D 0,1,1)
0 1 10 12 65.00 7 (D 0,1,1) (S 11,19,19) (S 23,25,26) (S 20,6,8) (D 0,1,1)