172.00
8
176526873
47936011
0 1 1 19 12.00 7 (D 0,1,1) (S 16,4,10) (S 4,5,5) (S 26,3,9) (D 0,1,1)
0 1 2 17 22.00 6 (D 0,1,1) (S 9,10,10) (S 31,6,8) (S 25,5,8) (D 0,1,1)
0 1 3 13 22.00 8 (D 0,1,1) (S 5,6,6) (S 12,4,8) (S 18,6,7) (S 21,1,3) (D 0,1,1)
0 1 4 24 22.00 8 (D 0,1,1) (S 13,5,11) (S 27,1,6) (S 20,2,3) (S 28,5,10) (D 0,1,1)
0 1 5 21 21.00 7 (D 0,1,1) (S 17,2,4) (S 10,11,11) (S 30,1,11) (S 24,6,10) (D 0,1,1)
0 1 6 8 9.00 7 (D 0,1,1) (S 11,7,10) (S 15,2,11) (S 19,3,4) (S 8,9,9) (D 0,1,1)
0 1 7 24 13.00 6 (D 0,1,1) (S 14,4,5) (S 29,9,10) (S 22,3,11) (D 0,1,1)
0 1 8 25 32.00 6 (D 0,1,1) (S 7,8,8) (S 23,4,9) (S 6,7,7) (D 0,1,1)