710.00
10
266927707
127269542
0 1 1 27 91.00 6 (D 0,1,1) (S 26,1,19) (S 5,14,14) (S 34,15,17) (D 0,1,1)
0 1 2 21 99.00 9 (D 0,1,1) (S 35,14,18) (S 38,23,26) (S 24,2,12) (S 10,13,14) (D 0,1,1)
0 1 3 27 43.00 7 (D 0,1,1) (S 15,1,15) (S 1,3,3) (S 28,7,11) (D 0,1,1)
0 1 4 27 78.00 5 (D 0,1,1) (S 8,21,21) (S 4,6,6) (S 3,5,5) (D 0,1,1)
0 1 5 12 41.00 8 (D 0,1,1) (S 12,12,13) (S 30,16,17) (S 16,10,11) (S 32,22,25) (D 0,1,1)
0 1 6 26 77.00 4 (D 0,1,1) (S 7,17,17) (S 2,4,4) (D 0,1,1)
0 1 7 21 78.00 7 (D 0,1,1) (S 6,15,15) (S 37,1,27) (S 20,5,6) (S 18,22,23) (D 0,1,1)
0 1 8 22 59.00 6 (D 0,1,1) (S 13,3,8) (S 29,26,27) (S 14,4,10) (S 11,21,22) (D 0,1,1)
0 1 9 24 78.00 6 (D 0,1,1) (S 19,8,9) (S 9,24,24) (S 23,23,24) (D 0,1,1)
0 1 10 7 64.00 7 (D 0,1,1) (S 36,25,26) (S 21,6,8) (S 25,2,1) (D 0,1,1)