641.00
7
103296547
56636395
0 1 1 31 70.00 5 (D 0,1,1) (S 22,6,10) (S 13,4,11) (S 16,1,5) (D 0,1,1)
0 1 2 22 46.00 5 (D 0,1,1) (S 20,8,9) (S 9,2,6) (S 15,2,3) (D 0,1,1)
0 1 3 34 75.00 4 (D 0,1,1) (S 1,2,2) (S 10,5,10) (D 0,1,1)
0 1 4 24 114.00 5 (D 0,1,1) (S 3,9,9) (S 5,11,11) (D 0,1,1)
0 1 5 26 83.00 5 (D 0,1,1) (S 12,4,10) (S 14,3,6) (S 18,1,4) (D 0,1,1)
0 1 6 20 129.00 5 (D 0,1,1) (S 11,11,13) (S 19,1,3) (S 8,2,8) (D 0,1,1)
0 1 7 22 99.00 6 (D 0,1,1) (S 2,7,7) (S 6,12,12) (S 17,8,12) (D 0,1,1)