596.00
10
360583977
98247072
0 1 1 26 53.00 5 (D 0,1,1) (S 44,3,4) (S 3,6,6) (S 10,20,20) (D 0,1,1)
0 1 2 20 43.00 7 (D 0,1,1) (S 43,21,22) (S 22,1,15) (S 25,14,16) (S 33,15,20) (S 35,6,10) (D 0,1,1)
0 1 3 18 75.00 8 (D 0,1,1) (S 2,5,5) (S 11,21,21) (S 28,12,19) (S 15,2,12) (S 12,25,25) (D 0,1,1)
0 1 4 20 71.00 8 (D 0,1,1) (S 31,21,23) (S 19,4,10) (S 17,1,24) (S 8,16,16) (S 34,26,27) (D 0,1,1)
0 1 5 25 67.00 9 (D 0,1,1) (S 26,23,24) (S 6,10,10) (S 9,19,19) (S 21,22,25) (D 0,1,1)
0 1 6 22 49.00 6 (D 0,1,1) (S 5,8,8) (S 23,8,9) (S 20,3,6) (S 30,24,27) (D 0,1,1)
0 1 7 23 60.00 6 (D 0,1,1) (S 13,27,27) (S 40,23,26) (S 24,5,6) (S 18,1,17) (D 0,1,1)
0 1 8 24 61.00 7 (D 0,1,1) (S 29,12,13) (S 4,7,7) (S 27,1,3) (S 45,15,17) (D 0,1,1)
0 1 9 27 66.00 4 (D 0,1,1) (S 7,14,14) (S 14,3,8) (D 0,1,1)
0 1 10 11 46.00 6 (D 0,1,1) (S 39,22,23) (S 36,4,12) (S 16,13,14) (S 41,2,1) (D 0,1,1)