638.00
10
307404451
283658390
0 1 1 23 56.00 6 (D 0,1,1) (S 1,2,2) (S 21,1,15) (S 12,18,18) (S 7,8,8) (D 0,1,1)
0 1 2 18 57.00 7 (D 0,1,1) (S 18,4,5) (S 28,5,9) (S 25,21,22) (S 26,23,26) (S 16,12,13) (D 0,1,1)
0 1 3 24 49.00 4 (D 0,1,1) (S 4,5,5) (S 3,4,4) (D 0,1,1)
0 1 4 20 84.00 7 (D 0,1,1) (S 45,13,15) (S 14,21,21) (S 10,14,14) (S 30,4,19) (D 0,1,1)
0 1 5 26 89.00 7 (D 0,1,1) (S 31,24,27) (S 41,14,18) (S 19,22,25) (S 22,25,26) (S 42,3,6) (D 0,1,1)
0 1 6 14 75.00 9 (D 0,1,1) (S 9,12,12) (S 8,10,10) (S 29,1,24) (S 43,15,17) (D 0,1,1)
0 1 7 19 45.00 6 (D 0,1,1) (S 36,6,9) (S 6,7,7) (S 35,8,24) (D 0,1,1)
0 1 8 21 64.00 5 (D 0,1,1) (S 13,20,20) (S 11,17,17) (S 24,8,9) (D 0,1,1)
0 1 9 17 60.00 7 (D 0,1,1) (S 38,3,8) (S 23,15,20) (S 40,16,17) (S 15,22,22) (D 0,1,1)
0 1 10 13 62.00 6 (D 0,1,1) (S 32,2,1) (S 34,13,14) (S 27,21,23) (S 33,1,27) (D 0,1,1)