268.00
10
342302083
301733308
0 1 1 25 33.00 7 (D 0,1,1) (S 47,4,11) (S 33,2,6) (S 13,1,11) (S 28,6,9) (D 0,1,1)
0 1 2 26 31.00 9 (D 0,1,1) (S 12,6,8) (S 14,5,8) (S 29,4,10) (S 5,6,6) (S 37,9,10) (D 0,1,1)
0 1 3 11 19.00 9 (D 0,1,1) (S 27,4,5) (S 38,1,8) (S 4,5,5) (S 26,1,3) (S 34,3,11) (D 0,1,1)
0 1 4 26 33.00 7 (D 0,1,1) (S 8,9,9) (S 16,5,7) (S 2,3,3) (S 36,6,10) (D 0,1,1)
0 1 5 22 24.00 7 (D 0,1,1) (S 44,1,6) (S 15,2,9) (S 35,7,11) (S 31,3,5) (S 23,4,6) (D 0,1,1)
0 1 6 25 42.00 6 (D 0,1,1) (S 9,10,10) (S 11,8,9) (S 10,3,9) (S 3,4,4) (D 0,1,1)
0 1 7 27 34.00 6 (D 0,1,1) (S 39,2,7) (S 40,8,11) (S 6,7,7) (S 7,8,8) (D 0,1,1)
0 1 8 23 28.00 7 (D 0,1,1) (S 18,1,2) (S 22,2,11) (S 45,1,7) (D 0,1,1)
0 1 9 26 27.00 5 (D 0,1,1) (S 19,10,11) (S 1,2,2) (S 21,4,9) (D 0,1,1)
0 1 10 19 19.00 7 (D 0,1,1) (S 25,6,7) (S 30,2,3) (S 20,5,6) (S 46,3,6) (D 0,1,1)