643.00
10
323670177
262089643
0 1 1 23 73.00 7 (D 0,1,1) (S 28,15,17) (S 11,24,24) (S 9,21,21) (S 16,18,21) (S 42,3,4) (D 0,1,1)
0 1 2 23 85.00 6 (D 0,1,1) (S 1,2,2) (S 2,4,4) (S 36,6,7) (D 0,1,1)
0 1 3 27 63.00 6 (D 0,1,1) (S 3,6,6) (S 29,1,19) (S 35,8,27) (S 45,5,6) (D 0,1,1)
0 1 4 23 64.00 7 (D 0,1,1) (S 14,23,24) (S 12,8,24) (S 8,20,20) (S 43,15,20) (S 34,13,14) (D 0,1,1)
0 1 5 14 56.00 6 (D 0,1,1) (S 20,3,8) (S 21,12,19) (S 22,3,6) (S 24,12,13) (D 0,1,1)
0 1 6 18 54.00 8 (D 0,1,1) (S 33,13,15) (S 40,4,19) (S 31,6,8) (S 32,14,16) (S 30,5,9) (D 0,1,1)
0 1 7 19 64.00 8 (D 0,1,1) (S 37,1,17) (S 7,16,16) (S 27,21,23) (S 17,1,27) (D 0,1,1)
0 1 8 22 67.00 6 (D 0,1,1) (S 41,23,26) (S 18,21,25) (S 25,6,10) (S 19,1,3) (D 0,1,1)
0 1 9 23 22.00 7 (D 0,1,1) (S 26,4,10) (S 44,1,15) (S 39,10,11) (S 46,24,27) (D 0,1,1)
0 1 10 25 82.00 8 (D 0,1,1) (S 15,2,12) (S 23,25,26) (S 10,22,22) (S 5,8,8) (D 0,1,1)