715.00
10
258336724
191202580
0 1 1 23 47.00 5 (D 0,1,1) (S 29,3,4) (S 15,24,24) (S 2,4,4) (D 0,1,1)
0 1 2 13 104.00 7 (D 0,1,1) (S 19,13,14) (S 3,5,5) (S 13,22,22) (S 6,10,10) (D 0,1,1)
0 1 3 24 47.00 5 (D 0,1,1) (S 22,12,13) (S 4,6,6) (S 33,16,17) (D 0,1,1)
0 1 4 22 85.00 8 (D 0,1,1) (S 41,3,6) (S 26,2,12) (S 1,3,3) (S 18,15,20) (D 0,1,1)
0 1 5 25 97.00 8 (D 0,1,1) (S 34,4,10) (S 16,27,27) (S 35,20,21) (S 30,5,6) (D 0,1,1)
0 1 6 26 66.00 8 (D 0,1,1) (S 8,15,15) (S 5,8,8) (S 39,25,26) (S 36,1,3) (D 0,1,1)
0 1 7 24 74.00 8 (D 0,1,1) (S 17,21,23) (S 11,19,19) (S 32,4,6) (S 28,21,22) (D 0,1,1)
0 1 8 20 73.00 7 (D 0,1,1) (S 38,2,1) (S 12,21,21) (S 23,22,23) (S 20,26,27) (D 0,1,1)
0 1 9 24 51.00 5 (D 0,1,1) (S 21,14,18) (S 24,13,15) (S 9,17,17) (D 0,1,1)
0 1 10 19 90.00 7 (D 0,1,1) (S 31,23,24) (S 14,23,23) (S 10,18,18) (S 40,6,7) (D 0,1,1)