922.00
8
311457854
191442451
0 1 1 45 93.00 8 (D 0,1,1) (S 3,6,6) (S 6,11,11) (S 41,19,9) (S 35,6,7) (S 2,5,5) (D 0,1,1)
0 1 2 45 105.00 6 (D 0,1,1) (S 12,21,21) (S 19,14,18) (S 40,9,19) (S 14,2,5) (D 0,1,1)
0 1 3 32 173.00 11 (D 0,1,1) (S 33,14,8) (S 32,1,9) (S 30,5,4) (S 47,16,15) (S 5,10,10) (S 18,5,11) (D 0,1,1)
0 1 4 29 121.00 10 (D 0,1,1) (S 38,13,17) (S 42,11,1) (S 9,17,17) (S 34,17,12) (S 21,23,24) (S 36,20,21) (D 0,1,1)
0 1 5 38 109.00 8 (D 0,1,1) (S 23,22,23) (S 4,7,7) (S 29,12,11) (S 48,17,16) (S 1,2,2) (D 0,1,1)
0 1 6 43 142.00 11 (D 0,1,1) (S 28,1,19) (S 17,7,13) (S 16,3,4) (S 37,15,21) (S 43,8,14) (D 0,1,1)
0 1 7 36 126.00 10 (D 0,1,1) (S 45,18,17) (S 26,17,13) (S 10,19,19) (S 25,24,21) (S 15,3,9) (S 7,12,12) (D 0,1,1)
0 1 8 39 75.00 7 (D 0,1,1) (S 31,16,17) (S 24,19,20) (S 20,6,11) (S 27,4,5) (S 8,15,15) (D 0,1,1)