1881.00
10
1037612822
627857630
0 1 1 54 187.00 14 (D 0,1,1) (S 5,11,11) (S 82,1,9) (S 112,32,31) (S 47,28,29) (S 83,20,25) (S 78,19,32) (S 61,29,23) (S 54,32,40) (S 67,46,45) (S 89,39,40) (S 68,3,4) (S 79,30,24) (D 0,1,1)
0 1 2 67 168.00 15 (D 0,1,1) (S 105,1,10) (S 15,24,24) (S 36,17,24) (S 16,25,25) (S 59,25,26) (S 98,44,43) (S 7,14,14) (S 107,23,24) (S 72,10,17) (S 4,6,6) (S 30,49,49) (D 0,1,1)
0 1 3 64 169.00 14 (D 0,1,1) (S 55,35,36) (S 76,9,13) (S 114,32,19) (S 13,22,22) (S 63,49,48) (S 2,3,3) (S 42,4,7) (S 18,29,29) (S 96,17,30) (S 102,37,29) (S 29,48,48) (D 0,1,1)
0 1 4 62 174.00 15 (D 0,1,1) (S 52,26,27) (S 35,45,48) (S 37,46,50) (S 86,4,3) (S 19,30,30) (S 104,43,48) (S 51,28,36) (S 66,13,22) (S 12,21,21) (S 45,20,21) (S 90,23,29) (S 46,9,14) (D 0,1,1)
0 1 5 70 176.00 12 (D 0,1,1) (S 21,33,33) (S 9,16,16) (S 53,14,15) (S 48,11,18) (S 40,17,31) (S 31,50,50) (S 73,15,23) (S 111,39,31) (D 0,1,1)
0 1 6 49 181.00 15 (D 0,1,1) (S 32,12,19) (S 43,14,23) (S 97,12,11) (S 69,29,24) (S 92,25,20) (S 26,42,42) (S 27,43,43) (S 24,38,38) (S 58,22,14) (S 110,38,36) (S 64,44,37) (D 0,1,1)
0 1 7 63 180.00 14 (D 0,1,1) (S 60,9,1) (S 87,8,9) (S 115,36,38) (S 56,43,35) (S 22,34,34) (S 8,15,15) (S 94,1,16) (S 77,39,30) (S 108,10,11) (S 20,31,31) (S 57,30,17) (D 0,1,1)
0 1 8 60 175.00 14 (D 0,1,1) (S 85,24,23) (S 75,48,49) (S 25,39,39) (S 84,8,13) (S 71,26,25) (S 39,41,42) (S 41,26,34) (S 1,2,2) (S 50,3,6) (S 109,5,6) (S 33,38,46) (D 0,1,1)
0 1 9 54 199.00 13 (D 0,1,1) (S 38,15,24) (S 6,13,13) (S 23,37,37) (S 44,36,44) (S 91,12,7) (S 74,6,5) (S 100,15,16) (S 101,27,28) (S 106,34,35) (S 103,11,12) (S 88,28,27) (D 0,1,1)
0 1 10 66 254.00 15 (D 0,1,1) (S 99,39,38) (S 11,18,18) (S 81,33,25) (S 62,47,40) (S 10,17,17) (S 49,29,30) (S 80,35,43) (S 65,45,44) (S 28,45,45) (S 95,31,32) (S 17,28,28) (D 0,1,1)