356.00
7
282069849
243167601
0 1 1 18 49.00 6 (D 0,1,1) (S 8,12,12) (S 33,5,6) (S 7,9,9) (S 19,5,11) (D 0,1,1)
0 1 2 20 59.00 8 (D 0,1,1) (S 2,4,4) (S 21,21,24) (S 28,13,12) (S 25,1,2) (S 1,3,3) (D 0,1,1)
0 1 3 19 42.00 5 (D 0,1,1) (S 35,22,19) (S 20,10,11) (S 6,8,8) (D 0,1,1)
0 1 4 14 64.00 7 (D 0,1,1) (S 18,11,15) (S 37,2,4) (S 36,13,14) (S 10,15,15) (S 22,10,20) (D 0,1,1)
0 1 5 12 49.00 7 (D 0,1,1) (S 29,11,12) (S 12,18,18) (S 16,22,22) (S 15,21,21) (S 30,17,18) (D 0,1,1)
0 1 6 16 40.00 7 (D 0,1,1) (S 5,7,7) (S 26,12,6) (S 23,15,21) (S 14,20,20) (S 11,16,16) (D 0,1,1)
0 1 7 15 50.00 7 (D 0,1,1) (S 4,6,6) (S 27,16,15) (S 32,6,12) (S 34,8,7) (S 3,5,5) (D 0,1,1)