765.00
8
219122164
124773633
0 1 1 26 96.00 7 (D 0,1,1) (S 23,16,17) (S 33,1,19) (S 19,13,14) (S 24,13,17) (D 0,1,1)
0 1 2 41 98.00 6 (D 0,1,1) (S 22,6,11) (S 10,17,17) (S 15,6,12) (D 0,1,1)
0 1 3 31 71.00 7 (D 0,1,1) (S 40,15,21) (S 5,6,6) (S 30,1,11) (S 28,20,21) (D 0,1,1)
0 1 4 29 52.00 7 (D 0,1,1) (S 21,23,24) (S 16,1,20) (S 35,9,19) (S 18,12,16) (D 0,1,1)
0 1 5 43 65.00 5 (D 0,1,1) (S 7,9,9) (S 12,19,19) (D 0,1,1)
0 1 6 44 106.00 9 (D 0,1,1) (S 26,12,11) (S 37,21,24) (S 9,14,14) (S 14,22,22) (S 13,21,21) (D 0,1,1)
0 1 7 28 108.00 7 (D 0,1,1) (S 8,11,11) (S 27,6,5) (S 17,3,10) (S 36,2,4) (S 32,12,17) (D 0,1,1)
0 1 8 18 97.00 7 (D 0,1,1) (S 31,20,15) (S 25,24,21) (S 3,4,4) (S 39,15,20) (S 11,18,18) (D 0,1,1)