357.00
7
198082315
69444513
0 1 1 19 45.00 7 (D 0,1,1) (S 6,9,9) (S 13,22,22) (S 2,4,4) (S 25,9,3) (S 16,13,17) (D 0,1,1)
0 1 2 20 62.00 7 (D 0,1,1) (S 5,8,8) (S 34,12,6) (S 12,18,18) (S 19,1,2) (S 18,9,10) (D 0,1,1)
0 1 3 18 40.00 6 (D 0,1,1) (S 1,3,3) (S 24,22,19) (S 3,5,5) (S 15,16,17) (D 0,1,1)
0 1 4 13 56.00 7 (D 0,1,1) (S 26,17,18) (S 32,23,20) (S 28,13,12) (S 33,21,20) (S 31,23,24) (D 0,1,1)
0 1 5 17 50.00 7 (D 0,1,1) (S 9,12,12) (S 8,11,11) (S 10,15,15) (S 22,5,10) (D 0,1,1)
0 1 6 13 37.00 7 (D 0,1,1) (S 27,6,12) (S 4,7,7) (S 29,19,20) (S 38,4,2) (S 14,6,7) (D 0,1,1)
0 1 7 16 67.00 7 (D 0,1,1) (S 30,20,23) (S 21,21,24) (S 35,13,14) (S 11,16,16) (S 17,3,4) (D 0,1,1)