953.00
8
351800064
81368179
0 1 1 34 123.00 9 (D 0,1,1) (S 11,17,17) (S 37,24,21) (S 2,3,3) (S 26,7,6) (S 32,2,4) (S 34,1,11) (D 0,1,1)
0 1 2 37 117.00 10 (D 0,1,1) (S 44,17,13) (S 19,7,8) (S 20,6,12) (S 50,21,24) (S 28,10,2) (S 30,4,5) (D 0,1,1)
0 1 3 43 142.00 10 (D 0,1,1) (S 47,1,9) (S 4,8,8) (S 42,6,7) (S 25,5,6) (S 39,1,19) (S 31,16,17) (D 0,1,1)
0 1 4 37 106.00 9 (D 0,1,1) (S 16,1,20) (S 17,12,16) (S 27,19,20) (S 48,5,4) (S 29,12,17) (D 0,1,1)
0 1 5 41 122.00 9 (D 0,1,1) (S 5,9,9) (S 22,21,23) (S 6,12,12) (S 43,6,5) (S 13,7,13) (S 51,2,10) (D 0,1,1)
0 1 6 30 81.00 9 (D 0,1,1) (S 36,17,16) (S 12,22,22) (S 35,20,15) (S 10,16,16) (S 14,1,5) (S 40,19,9) (D 0,1,1)
0 1 7 36 106.00 8 (D 0,1,1) (S 7,13,13) (S 46,21,15) (S 41,20,21) (S 38,11,1) (S 23,13,14) (D 0,1,1)
0 1 8 32 131.00 11 (D 0,1,1) (S 33,17,12) (S 21,23,24) (S 3,5,5) (S 8,14,14) (S 49,18,17) (S 15,14,18) (D 0,1,1)