1172.00
8
299319451
259210828
0 1 1 33 143.00 8 (D 0,1,1) (S 18,2,4) (S 32,21,24) (S 33,15,16) (S 7,17,17) (S 27,23,24) (D 0,1,1)
0 1 2 31 133.00 9 (D 0,1,1) (S 22,8,14) (S 5,12,12) (S 31,14,18) (S 26,5,11) (S 30,8,7) (S 10,20,20) (D 0,1,1)
0 1 3 30 169.00 8 (D 0,1,1) (S 36,21,15) (S 4,11,11) (S 6,15,15) (S 8,18,18) (S 42,9,19) (S 2,6,6) (D 0,1,1)
0 1 4 36 154.00 8 (D 0,1,1) (S 35,20,10) (S 3,7,7) (S 16,16,17) (S 21,1,2) (S 1,3,3) (S 45,9,3) (D 0,1,1)
0 1 5 39 181.00 8 (D 0,1,1) (S 14,12,13) (S 24,3,9) (S 15,9,10) (S 34,23,22) (S 44,24,21) (S 43,1,3) (D 0,1,1)
0 1 6 39 123.00 6 (D 0,1,1) (S 48,11,5) (S 12,24,24) (S 9,19,19) (S 46,23,20) (D 0,1,1)
0 1 7 29 106.00 7 (D 0,1,1) (S 41,10,11) (S 29,3,1) (S 47,12,11) (S 25,16,12) (S 39,17,13) (D 0,1,1)
0 1 8 40 159.00 8 (D 0,1,1) (S 13,20,21) (S 38,14,13) (S 40,10,20) (S 23,13,17) (S 20,11,15) (S 17,4,5) (D 0,1,1)