887.00
8
313281091
65526014
0 1 1 35 102.00 9 (D 0,1,1) (S 10,16,16) (S 1,2,2) (S 46,17,18) (S 40,21,15) (S 38,17,16) (S 4,5,5) (D 0,1,1)
0 1 2 42 114.00 7 (D 0,1,1) (S 19,3,4) (S 5,6,6) (S 20,14,18) (S 29,13,17) (D 0,1,1)
0 1 3 45 107.00 9 (D 0,1,1) (S 26,19,20) (S 48,20,15) (S 28,21,24) (S 21,21,23) (S 23,5,11) (D 0,1,1)
0 1 4 35 126.00 12 (D 0,1,1) (S 33,10,2) (S 2,3,3) (S 17,7,13) (S 22,3,10) (S 45,5,6) (S 47,19,9) (D 0,1,1)
0 1 5 36 178.00 10 (D 0,1,1) (S 43,1,19) (S 42,8,14) (S 39,9,19) (S 3,4,4) (S 36,11,1) (S 44,14,8) (D 0,1,1)
0 1 6 36 79.00 7 (D 0,1,1) (S 9,15,15) (S 41,17,12) (S 6,9,9) (S 8,12,12) (S 18,22,23) (D 0,1,1)
0 1 7 45 100.00 6 (D 0,1,1) (S 15,7,8) (S 13,20,20) (S 7,11,11) (S 27,2,4) (D 0,1,1)
0 1 8 19 82.00 9 (D 0,1,1) (S 32,12,17) (S 11,17,17) (S 37,16,17) (S 16,23,24) (S 34,7,6) (S 12,18,18) (D 0,1,1)