374.00
7
213983985
121178904
0 1 1 18 55.00 8 (D 0,1,1) (S 23,5,10) (S 13,16,16) (S 7,8,8) (S 5,6,6) (S 9,11,11) (S 11,13,13) (D 0,1,1)
0 1 2 18 58.00 6 (D 0,1,1) (S 36,23,24) (S 22,10,20) (S 17,15,21) (S 18,6,7) (D 0,1,1)
0 1 3 12 63.00 8 (D 0,1,1) (S 32,19,20) (S 31,17,18) (S 25,15,16) (S 6,7,7) (S 14,3,4) (S 38,16,12) (D 0,1,1)
0 1 4 19 51.00 7 (D 0,1,1) (S 12,14,14) (S 40,8,7) (S 29,13,14) (S 33,20,23) (S 30,21,20) (D 0,1,1)
0 1 5 17 44.00 7 (D 0,1,1) (S 10,12,12) (S 21,21,24) (S 28,5,6) (S 27,2,4) (S 8,9,9) (D 0,1,1)
0 1 6 16 44.00 8 (D 0,1,1) (S 24,13,17) (S 35,16,15) (S 15,9,19) (S 37,23,20) (S 1,2,2) (D 0,1,1)
0 1 7 19 63.00 7 (D 0,1,1) (S 26,22,19) (S 19,22,23) (S 4,5,5) (S 3,4,4) (S 34,18,17) (D 0,1,1)