846.00
8
341963899
289853995
0 1 1 33 146.00 10 (D 0,1,1) (S 5,8,8) (S 6,12,12) (S 14,21,21) (S 10,16,16) (S 15,23,23) (D 0,1,1)
0 1 2 29 119.00 9 (D 0,1,1) (S 29,5,4) (S 41,17,16) (S 36,19,22) (S 12,18,18) (S 18,7,13) (S 25,12,16) (D 0,1,1)
0 1 3 44 91.00 7 (D 0,1,1) (S 23,3,4) (S 32,9,19) (S 39,15,20) (S 16,21,23) (S 27,24,21) (D 0,1,1)
0 1 4 41 110.00 10 (D 0,1,1) (S 11,17,17) (S 8,14,14) (S 9,15,15) (S 30,1,19) (S 45,17,18) (D 0,1,1)
0 1 5 38 98.00 7 (D 0,1,1) (S 2,3,3) (S 44,4,5) (S 13,19,19) (S 26,2,10) (S 7,13,13) (D 0,1,1)
0 1 6 45 96.00 6 (D 0,1,1) (S 43,19,9) (S 37,5,6) (S 3,6,6) (D 0,1,1)
0 1 7 35 84.00 7 (D 0,1,1) (S 19,6,11) (S 33,1,11) (S 20,1,5) (S 38,7,6) (S 42,13,17) (D 0,1,1)
0 1 8 34 94.00 8 (D 0,1,1) (S 46,11,1) (S 4,7,7) (S 40,10,2) (S 21,5,11) (S 31,20,15) (D 0,1,1)