1781.00
9
443262019
262344297
0 1 1 61 208.00 13 (D 0,1,1) (S 33,14,15) (S 63,21,29) (S 53,16,12) (S 17,25,25) (S 28,24,28) (S 19,27,27) (S 54,2,9) (S 44,22,29) (S 4,7,7) (D 0,1,1)
0 1 2 62 243.00 11 (D 0,1,1) (S 25,26,30) (S 24,22,25) (S 65,30,25) (S 49,4,7) (S 42,17,13) (S 46,8,14) (S 16,22,22) (S 75,23,22) (S 13,17,17) (D 0,1,1)
0 1 3 51 164.00 11 (D 0,1,1) (S 74,7,12) (S 9,12,12) (S 41,15,9) (S 37,18,19) (S 51,20,16) (S 72,2,3) (S 15,21,21) (S 8,11,11) (S 1,3,3) (D 0,1,1)
0 1 4 62 195.00 10 (D 0,1,1) (S 66,7,4) (S 27,20,27) (S 47,4,5) (S 12,16,16) (S 2,5,5) (S 40,1,5) (S 64,26,23) (D 0,1,1)
0 1 5 62 227.00 11 (D 0,1,1) (S 32,4,6) (S 29,10,19) (S 45,29,22) (S 36,1,2) (S 22,30,30) (S 61,18,15) (S 71,14,17) (S 23,17,22) (D 0,1,1)
0 1 6 61 158.00 8 (D 0,1,1) (S 20,28,28) (S 26,3,10) (S 57,11,16) (S 70,20,21) (S 6,9,9) (S 30,8,9) (D 0,1,1)
0 1 7 52 195.00 11 (D 0,1,1) (S 55,29,21) (S 31,21,28) (S 62,14,13) (S 56,13,8) (S 35,12,13) (S 34,24,27) (S 48,14,8) (S 68,8,13) (D 0,1,1)
0 1 8 65 171.00 9 (D 0,1,1) (S 11,15,15) (S 3,6,6) (S 7,10,10) (S 73,21,24) (S 52,9,2) (S 38,11,20) (D 0,1,1)
0 1 9 48 218.00 10 (D 0,1,1) (S 14,20,20) (S 39,16,21) (S 21,29,29) (S 67,9,15) (S 58,23,18) (S 59,25,30) (S 50,16,11) (S 43,16,13) (D 0,1,1)