1087.00
10
492517502
326103254
0 1 1 36 128.00 7 (D 0,1,1) (S 17,28,28) (S 18,4,13) (S 56,12,18) (S 16,27,27) (S 53,18,21) (D 0,1,1)
0 1 2 40 134.00 10 (D 0,1,1) (S 60,31,5) (S 6,10,10) (S 37,19,18) (S 2,5,5) (S 39,7,8) (S 47,4,9) (D 0,1,1)
0 1 3 45 130.00 8 (D 0,1,1) (S 40,1,30) (S 36,10,5) (S 26,1,7) (S 29,23,25) (S 7,11,11) (S 46,17,11) (D 0,1,1)
0 1 4 47 89.00 7 (D 0,1,1) (S 28,29,31) (S 14,23,23) (S 12,19,19) (S 57,12,13) (D 0,1,1)
0 1 5 41 114.00 10 (D 0,1,1) (S 50,23,26) (S 31,15,16) (S 22,3,4) (S 25,24,27) (S 9,16,16) (S 54,18,12) (D 0,1,1)
0 1 6 33 83.00 10 (D 0,1,1) (S 58,9,4) (S 44,6,5) (S 55,15,14) (S 15,25,25) (S 3,6,6) (S 35,5,10) (D 0,1,1)
0 1 7 45 97.00 10 (D 0,1,1) (S 41,12,11) (S 34,26,28) (S 51,30,29) (S 33,11,6) (S 20,9,13) (S 30,21,22) (D 0,1,1)
0 1 8 42 100.00 10 (D 0,1,1) (S 38,29,28) (S 32,13,12) (S 59,2,1) (S 10,17,17) (S 43,3,2) (S 24,13,19) (D 0,1,1)
0 1 9 49 108.00 9 (D 0,1,1) (S 8,14,14) (S 5,8,8) (S 4,7,7) (S 23,3,9) (S 49,30,1) (D 0,1,1)
0 1 10 26 102.00 8 (D 0,1,1) (S 52,29,30) (S 19,1,31) (S 48,14,10) (S 45,10,16) (S 11,18,18) (S 21,26,27) (D 0,1,1)