1906.00
9
609780124
297453710
0 1 1 75 224.00 10 (D 0,1,1) (S 79,30,25) (S 39,4,11) (S 26,2,13) (S 3,7,7) (S 46,17,24) (S 33,13,14) (S 32,21,22) (S 30,3,9) (D 0,1,1)
0 1 2 73 182.00 9 (D 0,1,1) (S 19,29,29) (S 24,29,30) (S 8,15,15) (S 51,16,15) (S 73,19,18) (S 42,34,28) (S 31,33,34) (D 0,1,1)
0 1 3 57 211.00 11 (D 0,1,1) (S 75,18,29) (S 11,20,20) (S 10,19,19) (S 57,18,12) (S 35,30,31) (S 61,11,17) (S 63,6,1) (S 60,5,4) (S 76,20,14) (D 0,1,1)
0 1 4 74 213.00 10 (D 0,1,1) (S 58,32,31) (S 54,2,8) (S 67,11,10) (S 14,23,23) (S 16,26,26) (S 72,14,20) (S 69,6,18) (S 77,9,15) (D 0,1,1)
0 1 5 60 189.00 12 (D 0,1,1) (S 40,6,12) (S 41,24,34) (S 74,25,29) (S 53,7,1) (S 5,10,10) (S 1,4,4) (S 70,10,11) (S 52,8,9) (S 68,13,7) (D 0,1,1)
0 1 6 72 283.00 10 (D 0,1,1) (S 28,19,25) (S 47,12,18) (S 78,15,9) (S 7,13,13) (S 34,14,15) (S 18,28,28) (S 36,1,2) (S 25,25,26) (D 0,1,1)
0 1 7 48 188.00 12 (D 0,1,1) (S 65,3,4) (S 45,3,2) (S 38,12,13) (S 9,16,16) (S 29,4,10) (S 22,33,33) (S 71,28,27) (S 50,1,6) (S 80,26,20) (D 0,1,1)
0 1 8 52 237.00 12 (D 0,1,1) (S 13,22,22) (S 43,25,30) (S 23,12,19) (S 49,1,7) (S 2,6,6) (S 66,20,26) (S 62,3,10) (S 21,32,32) (S 6,11,11) (D 0,1,1)
0 1 9 61 202.00 11 (D 0,1,1) (S 12,21,21) (S 44,5,11) (S 48,17,11) (S 59,21,20) (S 56,34,24) (S 4,8,8) (S 15,24,24) (S 20,31,31) (D 0,1,1)