769.00
8
256076620
224503540
0 1 1 45 118.00 8 (D 0,1,1) (S 22,12,16) (S 3,5,5) (S 35,19,9) (S 1,2,2) (S 9,13,13) (S 12,18,18) (D 0,1,1)
0 1 2 37 77.00 8 (D 0,1,1) (S 30,6,7) (S 43,12,17) (S 5,7,7) (S 2,4,4) (S 27,15,20) (D 0,1,1)
0 1 3 44 83.00 9 (D 0,1,1) (S 32,17,12) (S 31,20,21) (S 28,11,1) (S 21,21,23) (S 15,21,21) (S 6,10,10) (D 0,1,1)
0 1 4 44 149.00 8 (D 0,1,1) (S 44,15,21) (S 13,19,19) (S 33,21,24) (S 16,23,23) (D 0,1,1)
0 1 5 26 75.00 9 (D 0,1,1) (S 39,16,17) (S 29,1,9) (S 38,24,21) (S 42,5,4) (S 7,11,11) (D 0,1,1)
0 1 6 33 91.00 6 (D 0,1,1) (S 18,2,5) (S 19,3,4) (S 41,9,19) (D 0,1,1)
0 1 7 24 91.00 8 (D 0,1,1) (S 37,16,15) (S 11,17,17) (S 23,3,10) (S 8,12,12) (S 24,3,9) (D 0,1,1)
0 1 8 45 74.00 4 (D 0,1,1) (S 17,1,5) (S 4,6,6) (D 0,1,1)