1613.00
9
642619084
550464129
0 1 1 64 139.00 15 (D 0,1,1) (S 12,20,20) (S 26,18,22) (S 56,18,13) (S 9,14,14) (S 60,1,8) (S 77,9,8) (S 27,23,24) (S 23,40,40) (S 68,6,12) (D 0,1,1)
0 1 2 59 185.00 15 (D 0,1,1) (S 18,33,33) (S 50,5,39) (S 54,3,37) (S 76,17,13) (S 52,37,36) (S 20,35,35) (S 64,2,3) (S 1,2,2) (D 0,1,1)
0 1 3 50 169.00 16 (D 0,1,1) (S 40,13,19) (S 53,15,16) (S 73,30,31) (S 78,24,21) (S 61,2,6) (S 28,7,13) (S 74,35,34) (S 63,27,28) (S 65,21,22) (S 24,26,27) (D 0,1,1)
0 1 4 56 167.00 16 (D 0,1,1) (S 42,12,17) (S 75,38,39) (S 34,4,38) (S 82,5,4) (S 19,34,34) (S 67,38,37) (S 44,37,3) (S 25,27,34) (S 30,22,25) (S 33,29,30) (D 0,1,1)
0 1 5 59 186.00 13 (D 0,1,1) (S 31,1,10) (S 59,39,38) (S 13,26,26) (S 58,31,30) (S 45,21,24) (S 43,16,10) (S 35,3,7) (D 0,1,1)
0 1 6 53 208.00 13 (D 0,1,1) (S 32,11,16) (S 6,11,11) (S 72,1,40) (S 62,6,7) (S 36,24,25) (S 79,37,38) (S 81,36,37) (S 2,6,6) (S 80,16,15) (D 0,1,1)
0 1 7 65 218.00 17 (D 0,1,1) (S 49,22,21) (S 37,2,36) (S 5,9,9) (S 21,37,37) (S 22,39,39) (S 3,7,7) (S 85,18,17) (S 4,8,8) (S 17,32,32) (D 0,1,1)
0 1 8 54 155.00 13 (D 0,1,1) (S 55,12,6) (S 69,11,1) (S 8,13,13) (S 7,12,12) (S 46,1,2) (S 29,20,23) (S 48,11,12) (S 84,35,28) (S 39,8,14) (D 0,1,1)
0 1 9 56 187.00 16 (D 0,1,1) (S 47,4,3) (S 66,21,20) (S 71,3,4) (S 41,1,35) (S 15,29,29) (S 51,10,9) (S 70,8,9) (S 16,31,31) (S 38,1,33) (D 0,1,1)